750
1
0 2
3
4
5
7
6 8
9
11
10 12
13
14
16
17
15 18
19
21
22
23
24
25
20 26
28
29
27 30
31 32
33
34
35
36 37
38
39
41
42
43
40 44
45
46 47
48
50
49 51
52 53
54 55
56
57 58
60
59 61
62
63
64 65
66 67
68 69
70
71 72
73
74
75
77
78
76 79
81
80 82
83
84 85
87
86 88
89
90
92
91 93
94 95
96 97
98
100
99 101
103
102 104
106
107
105 108
109
110
111
112
113
114 115
116 117
118 119
120
121
122
123 124
125
127
126 128
129 130
132
131 133
135
136
134 137
139
140
141
142
138 143
145
144 146
148
149
147 150
151 152
154
153 155
156 157
159
158 160
161 162
164
163 165
166
167
168 169
170
171 172
174
173 175
176
177
178
179
181
180 182
184
183 185
186
187
189
188 190
192
193
194
191 195
196
197
198 199
201
202
203
200 204
205
206 207
208
209
210
211
212
213
214 215
216
217
219
220
218 221
222
223 224
225
226 227
228
229
230
232
233
231 234
235
236 237
239
240
241
238 242
243 244
245
247
246 248
249 250
251
252 253
254
255
256 257
258
260
261
259 262
263 264
265
267
268
266 269
270 271
272
274
275
276
277
278
279
273 280
281
282
283
284
286
287
285 288
289 290
292
293
294
291 295
296
298
299
300
301
302
303
297 304
305
306 307
308
309
311
312
313
314
315
316
317
310 318
319
320
321 322
323
325
326
324 327
328
329
330 331
332
333
334
335 336
337 338
340
339 341
342
343 344
346
347
348
349
345 350
351
352
354
353 355
356
357
358
360
361
362
359 363
364
365 366
367
369
370
368 371
372 373
374
375 376
377
378
379
380
381
382 383
384 385
387
386 388
389
391
390 392
393
394 395
396
397
398 399
400
401 402
404
403 405
406
407 408
409 410
411
412
413 414
416
415 417
418 419
420
421
423
422 424
425
426 427
429
430
431
428 432
433
435
436
434 437
439
440
441
442
438 443
444 445
446
448
447 449
450
451
453
452 454
456
457
455 458
460
459 461
462
463
464 465
467
468
466 469
470 471
472
473
474 475
477
476 478
479
480
481 482
483
485
486
484 487
488
489
491
490 492
493
494 495
497
496 498
499
500
502
501 503
504
505
506
507
508
509
510 511
512 513
514
515
516
517 518
519
520
521 522
523 524
526
525 527
528 529
530
531
532
533
534 535
536
538
539
540
541
537 542
543 544
546
545 547
549
550
551
548 552
554
555
556
557
553 558
559
560
561
562 563
565
564 566
567
569
570
568 571
572 573
574
575
576
577 578
579 580
581 582
584
583 585
586 587
588
589 590
591
592
593
594
596
597
595 598
599 600
602
601 603
604
605
606
607 608
610
611
609 612
613
614
616
615 617
618 619
621
620 622
623
624 625
626
627
629
628 630
631 632
633 634
635 636
638
639
640
641
642
637 643
644
645
646
647
648
649
650
652
651 653
654
655
656
658
657 659
660 661
663
662 664
665 666
667
669
668 670
671
672
673 674
675 676
677
678
679
680
682
681 683
684 685
687
688
686 689
690
691
692
693
694
695 696
697 698
699 700
702
701 703
704
706
707
708
705 709
710 711
712
713
714 715
716 717
718
719
720 721
722
723
724
725
727
728
729
730
726 731
732
733
734
736
735 737
738
739
741
742
743
740 744
745
746
747
748
749 750
751 752
754
755
756
757
753 758
759 760
761
762 763
764
766
767
768
765 769
771
772
770 773
775
776
777
778
779
780
774 781
782 783
784
785
786
787
788 789
790
791
792
793 794
795 796
797 798
799
800 801
802
803
804
805 806
807
809
808 810
811
812
813 814
815
816 817
819
820
821
822
823
818 824
826
827
825 828
829
830
831
832 833
834 835
836
837 838
839
840 841
842
843
844
845
846 847
848
849
850
851
852
854
855
853 856
857 858
859
860
861 862
863
864
865
867
866 868
869
870
871 872
874
875
873 876
877
878
880
879 881
882 883
884 885
886
887
888
889
890
891 892
893
895
896
894 897
899
900
898 901
902 903
905
906
907
908
904 909
910 911
913
914
912 915
917
916 918
919 920
921
922
923
924
925
926
927 928
929 930
931
933
932 934
935
936
938
939
937 940
942
941 943
944
945 946
948
947 949
950
951
952 953
954
955
956 957
959
958 960
962
963
964
961 965
966
967 968
969
970
971
972
973 974
975
976
978
977 979
980 981
983
982 984
986
987
985 988
989
990 991
992
994
993 995
997
998
996 999
